#ID	Avg_fold	Length	Ref_GC	Covered_percent	Covered_bases	Plus_reads	Minus_reads	Read_GC	Median_fold	Std_Dev
scaffold_1	87.9907	1423450	0.5221	100.0000	1423450	408375	408436	0.5253	87	15.28
scaffold_2	87.1749	1395634	0.5210	100.0000	1395634	399329	399256	0.5241	87	14.75
scaffold_3	88.0390	1325521	0.5221	100.0000	1325521	379492	379373	0.5253	87	15.23
scaffold_4	86.2502	1264152	0.5186	100.0000	1264152	359092	359123	0.5227	86	15.23
scaffold_5	87.2891	1191888	0.5215	100.0000	1191888	340461	340546	0.5254	87	15.47
scaffold_6	87.6939	1185653	0.5194	100.0000	1185653	338578	338300	0.5226	87	16.08
scaffold_7	88.3606	1001587	0.5201	100.0000	1001587	286631	286646	0.5231	87	16.45
scaffold_8	86.7820	976138	0.5182	100.0000	976138	276761	276696	0.5216	86	16.08
scaffold_9	87.5481	814649	0.5207	100.0000	814649	234605	234373	0.5234	87	14.62
scaffold_10	88.7562	804784	0.5204	100.0000	804784	231667	231585	0.5234	88	15.80
scaffold_11	89.6662	791863	0.5192	100.0000	791863	226096	225954	0.5222	87	20.70
scaffold_12	86.3664	789689	0.5205	100.0000	789689	224736	224758	0.5239	86	14.83
scaffold_13	87.3735	771071	0.5194	100.0000	771071	218794	218883	0.5228	86	16.76
scaffold_14	90.0961	766372	0.5200	100.0000	766372	219213	219216	0.5234	88	19.62
scaffold_15	86.9329	676939	0.5210	100.0000	676939	193904	194020	0.5247	87	15.34
scaffold_16	89.4481	666778	0.5215	100.0000	666778	195788	195640	0.5247	89	14.90
scaffold_17	86.7609	586251	0.5198	100.0000	586251	166906	166747	0.5232	86	14.63
scaffold_18	87.5076	582426	0.5196	100.0000	582426	167869	167793	0.5226	87	16.59
scaffold_19	88.2887	576075	0.5224	100.0000	576075	165157	165113	0.5251	88	15.21
scaffold_20	88.7612	531798	0.5211	100.0000	531798	152771	152762	0.5241	88	16.06
scaffold_21	87.8827	481263	0.5195	100.0000	481263	137898	137807	0.5223	87	15.12
scaffold_22	86.6709	475858	0.5180	100.0000	475858	136085	135976	0.5210	86	14.54
scaffold_23	87.8621	423388	0.5206	100.0000	423388	122164	122075	0.5233	87	14.64
scaffold_24	89.5118	416965	0.5200	100.0000	416965	118040	118017	0.5234	88	18.74
scaffold_25	88.9890	396868	0.5207	100.0000	396868	115847	115769	0.5238	88	15.05
scaffold_26	87.1694	395557	0.5207	100.0000	395557	112634	112626	0.5233	87	14.10
scaffold_27	91.5766	393361	0.5209	100.0000	393361	111954	111919	0.5237	88	21.98
scaffold_28	87.2111	392771	0.5196	100.0000	392771	113317	113224	0.5226	87	14.66
scaffold_29	89.0800	385958	0.5177	100.0000	385958	112602	112612	0.5223	89	15.92
scaffold_30	88.9558	377302	0.5193	100.0000	377302	110665	110690	0.5228	89	15.43
scaffold_31	86.4576	369191	0.5195	100.0000	369191	105182	105300	0.5226	86	14.59
scaffold_32	87.0113	347772	0.5202	100.0000	347772	100000	99934	0.5229	86	14.38
scaffold_33	87.7733	347071	0.5213	100.0000	347071	99516	99428	0.5249	87	15.56
scaffold_34	88.1171	346940	0.5206	100.0000	346940	99672	99550	0.5237	87	16.08
scaffold_35	86.3055	343802	0.5103	100.0000	343802	97347	97350	0.5162	86	16.31
scaffold_36	87.1191	319529	0.5178	100.0000	319529	92083	92051	0.5206	87	14.48
scaffold_37	86.9314	311520	0.5208	100.0000	311520	89483	89499	0.5254	87	15.52
scaffold_38	86.6797	298671	0.5204	100.0000	298671	85513	85527	0.5234	86	14.49
scaffold_39	87.6546	298080	0.5242	100.0000	298080	85340	85341	0.5274	87	15.54
scaffold_40	88.2368	283161	0.5166	100.0000	283161	81342	81307	0.5195	88	15.40
scaffold_41	87.1474	245250	0.5202	100.0000	245250	70693	70723	0.5229	87	14.79
scaffold_42	85.9191	237898	0.5195	100.0000	237898	67643	67651	0.5235	86	15.24
scaffold_43	86.3953	236303	0.5165	100.0000	236303	67532	67474	0.5195	86	14.08
scaffold_44	85.8996	230054	0.5194	100.0000	230054	65299	65211	0.5224	85	14.99
scaffold_45	87.5684	217551	0.5158	100.0000	217551	62726	62701	0.5188	87	14.82
scaffold_46	88.5802	182474	0.5170	100.0000	182474	52961	53003	0.5202	88	15.43
scaffold_47	86.4962	163686	0.5209	100.0000	163686	46662	46615	0.5235	85	14.99
scaffold_48	86.6290	162307	0.5223	100.0000	162307	46413	46472	0.5254	86	14.60
scaffold_49	87.4321	156053	0.5243	100.0000	156053	44947	44978	0.5276	87	15.37
scaffold_50	87.7657	148775	0.5218	100.0000	148775	43027	43052	0.5247	87	15.19
scaffold_51	87.1161	148563	0.5222	100.0000	148563	42386	42349	0.5251	87	14.37
scaffold_52	85.8385	146881	0.5195	100.0000	146881	41782	41775	0.5224	85	14.53
scaffold_53	87.3851	140293	0.5243	100.0000	140293	40408	40414	0.5273	87	14.96
scaffold_54	83.9461	120176	0.5109	100.0000	120176	33300	33310	0.5178	84	16.87
scaffold_55	87.1622	101158	0.5134	100.0000	101158	29125	28993	0.5170	83	70.54
scaffold_56	86.4622	90166	0.5199	100.0000	90166	25832	25787	0.5234	86	15.15
scaffold_57	86.5098	87401	0.5216	100.0000	87401	25063	25047	0.5247	86	15.15
scaffold_58	83.9799	81485	0.5021	100.0000	81485	22649	22600	0.5055	83	15.04
scaffold_59	290.4783	68242	0.5078	100.0000	68242	65688	65696	0.5158	85	661.65
scaffold_60	87.9573	61240	0.5067	100.0000	61240	17866	17828	0.5103	87	18.06
scaffold_61	86.6796	59495	0.5103	100.0000	59495	16538	16596	0.5142	86	14.83
scaffold_62	89.3889	56119	0.5129	100.0000	56119	16651	16601	0.5163	86	28.23
scaffold_63	86.5489	53763	0.5134	100.0000	53763	15412	15429	0.5176	86	15.70
scaffold_64	86.4891	52907	0.5157	100.0000	52907	15001	15005	0.5221	86	16.42
scaffold_65	83.0371	48948	0.5030	100.0000	48948	13406	13396	0.5063	83	14.41
scaffold_66	89.0166	48241	0.5117	100.0000	48241	14070	14038	0.5145	85	25.41
scaffold_67	84.8316	47111	0.4852	100.0000	47111	13240	13225	0.5000	86	21.28
scaffold_68	80.7175	46753	0.4884	100.0000	46753	12467	12485	0.4939	80	16.21
scaffold_69	81.6728	45025	0.4746	100.0000	45025	11508	11473	0.4836	82	17.82
scaffold_70	85.5350	39942	0.5193	99.9499	39922	11311	11255	0.5309	87	19.09
scaffold_71	87.8413	37736	0.5119	100.0000	37736	10940	10950	0.5211	88	21.70
scaffold_72	86.2035	36765	0.4997	100.0000	36765	10493	10512	0.5029	82	25.28
scaffold_73	86.3738	35883	0.5084	100.0000	35883	10205	10252	0.5151	82	26.99
scaffold_74	84.2928	35599	0.5176	100.0000	35599	9920	9953	0.5263	85	17.30
scaffold_75	83.4295	33924	0.5144	100.0000	33924	9277	9265	0.5234	84	16.46
scaffold_76	87.0126	31613	0.5218	100.0000	31613	9031	9003	0.5256	87	16.25
scaffold_77	85.8419	31182	0.5158	100.0000	31182	8866	8850	0.5191	86	19.71
scaffold_78	83.6276	30902	0.4932	100.0000	30902	8560	8565	0.4963	82	15.61
scaffold_79	85.2738	30863	0.5137	100.0000	30863	8604	8604	0.5163	85	15.35
scaffold_80	85.8890	29678	0.5161	100.0000	29678	8454	8460	0.5238	86	17.72
scaffold_81	85.7678	27808	0.4837	100.0000	27808	7898	7915	0.5023	89	22.07
scaffold_82	84.8200	27692	0.5048	100.0000	27692	7780	7804	0.5086	84	16.90
scaffold_83	84.5891	26826	0.5129	100.0000	26826	7519	7527	0.5169	84	19.01
scaffold_84	82.2208	24072	0.5076	100.0000	24072	6563	6556	0.5132	79	20.75
scaffold_85	94.2043	23018	0.4970	100.0000	23018	7168	7194	0.5011	86	32.70
scaffold_86	94.9251	21074	0.5149	100.0000	21074	6604	6591	0.5173	86	31.75
scaffold_87	85.8112	19389	0.5082	100.0000	19389	5397	5381	0.5118	85	15.97
scaffold_88	79.6460	19349	0.4894	100.0000	19349	5107	5086	0.4933	79	15.21
scaffold_89	128.3563	19040	0.5043	100.0000	19040	8101	8127	0.5112	123	48.65
scaffold_90	83.0356	18211	0.5039	100.0000	18211	4997	5005	0.5062	83	13.45
scaffold_91	86.2024	17841	0.5034	100.0000	17841	5106	5108	0.5080	81	30.16
scaffold_92	85.1370	16397	0.5169	100.0000	16397	4660	4603	0.5207	85	16.46
scaffold_93	90.9979	15869	0.5043	100.0000	15869	4797	4780	0.5066	88	22.17
scaffold_94	81.3878	14962	0.4974	100.0000	14962	4028	4040	0.4999	81	15.39
scaffold_95	85.2179	14508	0.5028	100.0000	14508	4095	4098	0.5058	86	15.68
scaffold_96	88.7112	14359	0.5067	100.0000	14359	4239	4207	0.5079	85	23.46
scaffold_97	79.8483	13926	0.4939	100.0000	13926	3680	3690	0.5075	81	20.20
scaffold_98	87.3028	13446	0.4882	100.0000	13446	3876	3884	0.4933	84	22.84
scaffold_99	82.0902	13303	0.5062	100.0000	13303	3611	3636	0.5102	80	22.53
scaffold_100	1044.3278	12875	0.2890	100.0000	12875	44426	44690	0.3202	1071	364.31
scaffold_101	85.9612	11732	0.5147	100.0000	11732	3330	3360	0.5185	85	16.26
scaffold_102	96.5319	11528	0.5051	100.0000	11528	3690	3695	0.5086	89	29.95
scaffold_103	83.1074	10459	0.4959	100.0000	10459	2883	2886	0.5008	83	15.52
scaffold_104	81.5767	10140	0.5111	100.0000	10140	2750	2741	0.5129	82	14.12
scaffold_105	91.6957	9629	0.5060	100.0000	9629	2938	2915	0.5075	86	29.90
scaffold_106	82.6885	9604	0.5157	100.0000	9604	2638	2624	0.5186	84	16.26
scaffold_107	87.4053	8742	0.5133	100.0000	8742	2539	2530	0.5162	87	17.67
scaffold_108	83.1115	8698	0.5033	100.0000	8698	2399	2406	0.5063	83	16.34
scaffold_109	89.2542	8674	0.5208	100.0000	8674	2521	2530	0.5232	88	15.91
scaffold_110	80.8864	8286	0.4902	100.0000	8286	2235	2215	0.4940	78	19.15
scaffold_111	110.3250	8041	0.5084	100.0000	8041	2934	2953	0.5171	94	39.71
scaffold_112	792.7882	7725	0.2493	100.0000	7725	20397	20308	0.2801	743	298.75
scaffold_113	881.2239	7659	0.2580	100.0000	7659	22587	22344	0.2908	908	335.96
scaffold_114	82.1951	7334	0.5052	100.0000	7334	2007	1991	0.5075	84	16.48
scaffold_115	88.4701	6990	0.5123	100.0000	6990	2046	2051	0.5166	84	31.37
scaffold_116	86.0762	6953	0.4930	100.0000	6953	1995	1972	0.5000	86	21.86
scaffold_117	82.9138	6589	0.5359	100.0000	6589	1808	1831	0.5443	83	17.52
scaffold_118	83.0146	6428	0.5292	100.0000	6428	1768	1764	0.5295	83	15.01
scaffold_119	93.2699	6362	0.5046	100.0000	6362	1963	1977	0.5113	85	32.68
scaffold_120	91.9491	6342	0.5002	100.0000	6342	1919	1920	0.4992	86	32.71
scaffold_121	152.0656	5610	0.5111	100.0000	5610	2831	2837	0.5136	161	34.92
scaffold_122	76.2073	5553	0.5050	100.0000	5553	1408	1407	0.5063	77	14.30
scaffold_123	78.2801	5376	0.5033	100.0000	5376	1389	1404	0.5046	78	14.15
scaffold_124	92.5265	5094	0.5075	100.0000	5094	1570	1564	0.5098	87	25.71
scaffold_125	80.8342	4820	0.4944	100.0000	4820	1300	1283	0.5005	81	15.21
scaffold_126	82.4017	4692	0.3600	100.0000	4692	1269	1291	0.4987	72	68.04
scaffold_127	81.7480	4604	0.5241	100.0000	4604	1253	1249	0.5251	81	15.32
scaffold_128	118.1143	4225	0.4717	100.0000	4225	1646	1676	0.4771	116	34.57
scaffold_129	161.6929	4181	0.5066	100.0000	4181	2232	2238	0.5102	165	26.51
scaffold_130	165.3394	3933	0.4864	100.0000	3933	2166	2154	0.4901	163	31.58
scaffold_131	160.2142	3888	0.4787	100.0000	3888	2073	2059	0.4872	168	35.67
scaffold_132	12.5950	3869	0.1698	100.0000	3869	166	162	0.2120	12	6.82
scaffold_133	108.7627	3856	0.5303	100.0000	3856	1409	1378	0.5234	88	66.65
scaffold_134	79.6180	3819	0.4999	100.0000	3819	1007	1013	0.5016	79	16.59
scaffold_135	100.1480	3703	0.5187	100.0000	3703	1214	1240	0.5201	91	38.97
scaffold_136	84.5496	3630	0.5037	100.0000	3630	1001	1000	0.5040	85	18.14
scaffold_137	240.3255	3407	0.4952	100.0000	3407	2734	2719	0.4976	244	30.95
scaffold_138	86.1534	2843	0.5079	100.0000	2843	813	815	0.5092	83	21.93
scaffold_139	77.8073	2729	0.4269	100.0000	2729	699	715	0.4892	83	43.36
scaffold_140	106.8885	2699	0.5165	100.0000	2699	955	963	0.5215	89	45.74
scaffold_141	607.2493	2619	0.2352	100.0000	2619	5459	5418	0.3220	447	412.96
scaffold_142	153.6985	2614	0.5138	100.0000	2614	1351	1328	0.5183	159	34.15
scaffold_143	99.8481	2593	0.4759	100.0000	2593	864	859	0.4767	90	32.93
scaffold_144	158.7688	2560	0.5289	100.0000	2560	1341	1364	0.5280	166	43.44
scaffold_145	130.8349	2520	0.4929	100.0000	2520	1095	1099	0.4975	133	34.89
scaffold_146	80.9649	2396	0.4950	100.0000	2396	661	634	0.5078	82	20.58
scaffold_147	96.8622	2381	0.5048	100.0000	2381	759	772	0.5142	86	48.30
scaffold_148	164.2077	2359	0.5049	100.0000	2359	1290	1286	0.5055	170	27.70
scaffold_149	13.5750	2313	0.1781	100.0000	2313	106	103	0.2195	13	7.12
scaffold_150	95.5549	2260	0.4628	100.0000	2260	718	716	0.4739	81	59.32
scaffold_151	172.3844	2175	0.4805	100.0000	2175	1261	1230	0.4792	186	62.41
scaffold_152	148.2112	2050	0.5015	100.0000	2050	1017	1001	0.5073	145	43.31
scaffold_153	170.4206	2021	0.4958	100.0000	2021	1135	1151	0.4971	166	45.18
scaffold_154	130.1679	1995	0.5028	100.0000	1995	858	871	0.5041	134	34.44
scaffold_155	157.4987	1937	0.4590	100.0000	1937	1027	1038	0.4722	152	44.64
scaffold_156	125.4450	1838	0.5267	100.0000	1838	765	766	0.5286	127	50.73
scaffold_157	74.7304	1810	0.5044	100.0000	1810	451	444	0.5059	77	18.98
scaffold_158	161.3840	1768	0.5023	100.0000	1768	957	962	0.5040	166	29.16
scaffold_159	127.7270	1751	0.4974	100.0000	1751	730	758	0.4977	133	33.75
scaffold_160	169.2341	1743	0.5164	100.0000	1743	982	980	0.5169	177	34.42
scaffold_161	115.4965	1724	0.4959	100.0000	1724	549	543	0.4997	118	36.40
scaffold_162	176.4713	1723	0.5218	100.0000	1723	1016	1005	0.5240	181	37.15
scaffold_163	145.2807	1721	0.4916	100.0000	1721	835	829	0.4950	148	31.82
scaffold_164	107.2630	1639	0.4759	100.0000	1639	568	571	0.4863	112	39.66
scaffold_165	15.3666	1601	0.2011	100.0000	1601	85	81	0.2235	14	8.17
scaffold_166	266.9316	1578	0.5659	100.0000	1578	1415	1389	0.5685	282	64.44
scaffold_167	132.1408	1570	0.4662	100.0000	1570	693	689	0.4760	142	34.45
scaffold_168	154.5384	1536	0.4954	100.0000	1536	789	803	0.5007	156	26.99
scaffold_169	73.2422	1503	0.4977	100.0000	1503	365	366	0.5006	77	17.64
scaffold_170	153.1951	1476	0.5217	100.0000	1476	758	745	0.5252	164	47.25
scaffold_171	207.4283	1436	0.4791	100.0000	1436	987	1008	0.4825	211	39.71
scaffold_172	74.3423	1417	0.5039	100.0000	1417	349	358	0.5112	74	19.99
scaffold_173	157.8620	1406	0.5220	100.0000	1406	747	738	0.5295	166	38.23
scaffold_174	136.8108	1385	0.5126	100.0000	1385	635	628	0.5171	145	36.53
scaffold_175	142.7558	1372	0.4978	100.0000	1372	645	662	0.5054	150	41.53
scaffold_176	149.4942	1368	0.5073	100.0000	1368	688	679	0.5054	157	40.48
scaffold_177	139.8308	1365	0.5648	100.0000	1365	634	640	0.5656	150	46.70
scaffold_178	152.0220	1362	0.5066	100.0000	1362	707	675	0.5111	154	32.67
scaffold_179	168.2439	1353	0.5322	100.0000	1353	768	760	0.5368	171	38.50
scaffold_180	155.3011	1325	0.5306	100.0000	1325	680	696	0.5300	159	40.34
scaffold_181	133.4945	1278	0.4742	100.0000	1278	579	562	0.4782	140	36.18
scaffold_182	120.7110	1277	0.4941	100.0000	1277	523	508	0.4967	137	44.15
scaffold_183	14.8808	1233	0.2076	100.0000	1233	62	60	0.2075	11	9.84
scaffold_184	151.4571	1225	0.5347	100.0000	1225	620	621	0.5335	158	29.31
scaffold_185	161.5383	1213	0.5317	100.0000	1213	653	650	0.5275	173	37.85
scaffold_186	314.3642	1211	0.5161	100.0000	1211	1277	1268	0.5167	336	63.13
scaffold_187	138.8766	1183	0.5021	100.0000	1183	559	540	0.4984	143	27.12
scaffold_188	147.1353	1168	0.4666	100.0000	1168	567	583	0.4705	148	32.95
scaffold_189	161.5034	1164	0.5180	100.0000	1164	635	622	0.5172	171	39.58
scaffold_190	143.9244	1151	0.5178	100.0000	1151	558	552	0.5211	155	35.67
scaffold_191	2005.0977	1146	0.5358	100.0000	1146	7684	7634	0.5383	2047	530.88
scaffold_192	125.9359	1138	0.4851	100.0000	1138	461	443	0.4890	128	36.59
scaffold_193	149.9728	1104	0.4873	100.0000	1104	557	554	0.4887	154	31.80
scaffold_194	22.6479	1065	0.1202	100.0000	1065	80	81	0.1685	22	12.65
scaffold_195	142.0464	1055	0.4967	100.0000	1055	496	502	0.4976	161	41.07
scaffold_196	102.5799	1045	0.5225	100.0000	1045	292	272	0.5323	123	41.86
scaffold_197	186.4343	1043	0.5388	100.0000	1043	646	655	0.5419	193	36.87
scaffold_198	167.8155	992	0.5292	100.0000	992	558	553	0.5313	180	42.51
scaffold_199	322.3559	989	0.5005	100.0000	989	1058	1094	0.5068	352	75.05
scaffold_200	159.3509	989	0.5359	100.0000	989	515	536	0.5429	186	55.43
scaffold_201	150.4545	977	0.4903	100.0000	977	506	508	0.4930	159	28.22
scaffold_202	166.6578	976	0.5318	100.0000	976	549	541	0.5323	177	38.11
scaffold_203	166.4585	975	0.4995	100.0000	975	538	553	0.4996	178	33.25
scaffold_204	169.1845	970	0.5196	100.0000	970	560	558	0.5238	183	44.77
scaffold_205	227.0588	952	0.5158	100.0000	952	735	745	0.5232	245	43.34
scaffold_206	178.1972	933	0.5134	100.0000	933	559	574	0.5170	191	34.32
scaffold_207	594.7124	925	0.5027	100.0000	925	1965	1700	0.4997	109	807.52
scaffold_208	77.9007	906	0.4890	100.0000	906	237	235	0.4840	77	26.56
scaffold_209	325.6165	897	0.5184	100.0000	897	1014	958	0.5178	344	66.91
scaffold_210	135.4698	894	0.4955	100.0000	894	397	416	0.4994	146	33.42
scaffold_211	238.4462	883	0.5515	100.0000	883	706	709	0.5614	248	60.98
scaffold_212	143.8005	882	0.5102	100.0000	882	419	432	0.5174	158	39.76
scaffold_213	71.8175	882	0.5181	100.0000	882	218	206	0.5184	79	20.08
scaffold_214	245.6074	866	0.5300	100.0000	866	715	716	0.5279	271	60.71
scaffold_215	2118.2849	860	0.4988	100.0000	860	6259	6003	0.5030	2243	482.87
scaffold_216	131.1713	858	0.4732	100.0000	858	368	388	0.4870	144	40.90
scaffold_217	10.8074	836	0.1722	100.0000	836	31	30	0.1700	8	7.57
scaffold_218	33.4149	834	0.2938	100.0000	834	94	94	0.3364	34	13.00
scaffold_219	228.8386	830	0.4976	100.0000	830	635	637	0.4993	253	64.98
scaffold_220	77.4258	829	0.5223	100.0000	829	215	220	0.5207	84	16.55
scaffold_221	154.9412	817	0.5080	100.0000	817	436	440	0.5104	161	29.86
scaffold_222	156.8698	814	0.5098	100.0000	814	436	425	0.5063	164	42.50
scaffold_223	162.9648	795	0.5233	100.0000	795	460	430	0.5245	169	36.50
scaffold_224	172.6058	794	0.5277	100.0000	794	477	479	0.5309	178	29.32
scaffold_225	281.4199	793	0.5889	100.0000	793	759	755	0.5903	310	66.54
scaffold_226	126.8714	793	0.4716	100.0000	793	342	336	0.4756	136	31.03
scaffold_227	164.7423	784	0.5026	100.0000	784	429	439	0.5023	179	46.20
scaffold_228	222.3734	782	0.4936	100.0000	782	601	570	0.4967	229	65.44
scaffold_229	141.9629	781	0.4840	100.0000	781	379	365	0.4873	144	36.24
scaffold_230	221.5212	779	0.4840	100.0000	779	573	584	0.4911	239	58.45
scaffold_231	116.6728	764	0.5079	100.0000	764	304	297	0.5080	135	37.74
scaffold_232	166.0346	752	0.5239	100.0000	752	426	415	0.5249	181	40.73
scaffold_233	154.4704	744	0.5215	100.0000	744	390	383	0.5225	171	40.78
scaffold_234	157.3932	740	0.4892	100.0000	740	394	395	0.4984	165	44.23
scaffold_235	140.4355	737	0.4613	100.0000	737	359	348	0.4669	147	34.88
scaffold_236	7.9631	732	0.1325	100.0000	732	20	20	0.1725	8	3.23
scaffold_237	139.8573	729	0.4897	100.0000	729	349	347	0.4822	145	34.76
scaffold_238	123.3654	728	0.5055	100.0000	728	300	304	0.4961	127	32.25
scaffold_239	374.4765	722	0.1717	100.0000	722	926	908	0.2014	385	146.98
scaffold_240	124.3130	722	0.4875	100.0000	722	322	301	0.4978	89	70.41
scaffold_241	12.9742	698	0.1533	100.0000	698	30	30	0.1837	13	6.64
scaffold_242	158.2945	686	0.4883	100.0000	686	372	363	0.4856	163	47.65
scaffold_243	154.1857	684	0.5205	100.0000	684	357	355	0.5208	170	41.57
scaffold_244	151.5697	660	0.4955	100.0000	660	354	340	0.5034	149	39.19
scaffold_245	171.7353	646	0.5124	100.0000	646	383	382	0.5059	179	33.54
scaffold_246	221.6563	640	0.4891	100.0000	640	476	483	0.4917	247	61.49
scaffold_247	149.8075	639	0.5149	100.0000	639	337	332	0.5138	156	22.81
scaffold_248	122.4523	639	0.5023	100.0000	639	261	264	0.4892	140	39.91
scaffold_249	139.4867	637	0.4835	100.0000	637	307	309	0.4899	152	42.64
scaffold_250	153.0031	636	0.5094	100.0000	636	338	318	0.5101	167	43.00
scaffold_251	141.1604	636	0.5283	100.0000	636	300	301	0.5375	153	42.41
scaffold_252	127.8580	634	0.4716	100.0000	634	283	272	0.4753	138	42.86
scaffold_253	136.7690	632	0.4842	100.0000	632	295	287	0.4903	138	42.31
scaffold_254	8.6534	629	0.1669	100.0000	629	18	19	0.1956	9	3.13
scaffold_255	154.5597	620	0.4839	100.0000	620	327	323	0.4972	169	41.67
scaffold_256	161.5631	618	0.5291	100.0000	618	355	335	0.5258	161	42.53
scaffold_257	160.6324	612	0.5212	100.0000	612	328	334	0.5307	181	43.66
scaffold_258	157.0621	612	0.5180	100.0000	612	318	323	0.5227	176	52.65
scaffold_259	276.5237	611	0.4943	100.0000	611	580	564	0.4978	308	71.56
scaffold_260	140.6145	594	0.5202	100.0000	594	287	288	0.5156	149	28.14
scaffold_261	106.4983	590	0.5186	100.0000	590	198	220	0.5416	116	43.83
scaffold_262	208.5597	586	0.5085	100.0000	586	413	408	0.5072	237	78.00
scaffold_263	65.4966	586	0.4949	100.0000	586	127	130	0.4887	73	22.70
scaffold_264	57.7935	586	0.4676	100.0000	586	112	113	0.4621	70	26.35
scaffold_265	158.4103	580	0.5103	100.0000	580	329	327	0.5173	158	23.52
scaffold_266	2037.7288	579	0.5268	100.0000	579	4020	3914	0.5375	2335	614.99
scaffold_267	62.8998	579	0.4922	100.0000	579	123	121	0.4966	73	22.77
scaffold_268	57.1930	575	0.2591	100.0000	575	111	141	0.4423	26	54.61
scaffold_269	61.9391	558	0.4767	100.0000	558	122	110	0.4835	66	20.40
scaffold_270	224.5332	557	0.4919	100.0000	557	441	433	0.5046	235	49.62
scaffold_271	287.6721	555	0.4973	100.0000	555	544	538	0.4989	308	87.20
scaffold_272	159.6022	553	0.5154	100.0000	553	303	308	0.5138	163	39.38
scaffold_273	148.2911	553	0.5154	100.0000	553	288	265	0.5163	164	39.96
scaffold_274	216.6377	552	0.5145	100.0000	552	400	433	0.5202	231	49.41
scaffold_275	86.9141	547	0.5539	100.0000	547	160	169	0.5547	94	20.13
scaffold_276	100.2661	545	0.5211	100.0000	545	182	182	0.5270	114	37.75
scaffold_277	62.0647	541	0.5545	100.0000	541	124	100	0.5537	75	29.54
scaffold_278	141.4212	539	0.4601	100.0000	539	262	258	0.4659	146	42.58
scaffold_279	157.8234	538	0.5242	100.0000	538	290	289	0.5200	167	35.30
scaffold_280	10.3371	534	0.1255	100.0000	534	19	18	0.1688	9	5.23
scaffold_281	119.0038	532	0.4267	100.0000	532	215	210	0.4243	135	43.00
scaffold_282	14.8041	531	0.0923	100.0000	531	25	28	0.1469	17	7.94
scaffold_283	130.2000	530	0.5264	100.0000	530	229	237	0.5227	141	42.38
scaffold_284	12.4057	530	0.1811	100.0000	530	21	23	0.1400	12	7.20
scaffold_285	140.0870	529	0.5028	100.0000	529	247	265	0.5031	158	38.18
scaffold_286	139.3321	527	0.5389	100.0000	527	261	235	0.5379	143	40.96
scaffold_287	142.3726	526	0.5133	100.0000	526	252	253	0.5090	166	49.55
scaffold_288	149.1027	526	0.5152	100.0000	526	266	281	0.5107	162	36.08
scaffold_289	134.1257	517	0.5010	100.0000	517	247	239	0.5152	139	37.32
scaffold_290	144.0272	514	0.5058	100.0000	514	254	262	0.5050	154	32.85
scaffold_291	135.8518	506	0.5099	100.0000	506	246	242	0.5102	148	30.62
scaffold_292	118.1324	506	0.4625	100.0000	506	204	200	0.4684	132	47.25
scaffold_293	166.1347	505	0.5723	100.0000	505	289	282	0.5693	175	48.69
scaffold_294	9.1329	504	0.2202	100.0000	504	15	16	0.2256	10	4.78
scaffold_295	138.4240	500	0.4720	100.0000	500	229	246	0.4821	144	34.37
scaffold_296	116.1062	499	0.4609	100.0000	499	195	198	0.4697	127	42.79
scaffold_297	64.1205	498	0.5040	100.0000	498	108	107	0.5225	67	23.49
scaffold_298	188.9557	497	0.4930	100.0000	497	319	314	0.4952	220	61.47
scaffold_299	145.2667	495	0.4667	100.0000	495	263	240	0.4642	165	39.37
scaffold_300	127.0669	493	0.5030	100.0000	493	218	209	0.4956	138	37.95
scaffold_301	162.9654	492	0.4898	100.0000	492	275	282	0.4872	180	42.42
scaffold_302	213.7495	487	0.4969	100.0000	487	347	357	0.4947	222	82.18
scaffold_303	131.9425	487	0.4805	100.0000	487	223	214	0.4915	152	45.30
scaffold_304	118.0657	487	0.4435	100.0000	487	203	187	0.4558	119	57.80
scaffold_305	106.0228	483	0.4990	100.0000	483	173	169	0.5017	124	40.40
scaffold_306	134.3271	483	0.4969	100.0000	483	225	213	0.4961	150	43.30
scaffold_307	122.1229	480	0.5188	100.0000	480	211	188	0.5223	137	36.91
scaffold_308	8.1653	478	0.1088	100.0000	478	13	13	0.1314	9	4.08
scaffold_309	147.3354	477	0.5115	100.0000	477	222	257	0.5156	162	42.70
scaffold_310	133.5367	477	0.4927	100.0000	477	204	231	0.4895	161	50.48
scaffold_311	40.2101	476	0.3361	100.0000	476	70	59	0.3635	46	22.88
scaffold_312	148.9027	473	0.5222	100.0000	473	250	238	0.5262	160	40.20
scaffold_313	107.7780	473	0.4820	100.0000	473	175	166	0.4820	117	41.09
scaffold_314	141.6695	469	0.5011	100.0000	469	224	229	0.5008	158	39.40
scaffold_315	183.2790	466	0.4807	100.0000	466	301	283	0.4929	202	61.61
scaffold_316	135.6803	466	0.5258	100.0000	466	215	215	0.5126	151	42.65
scaffold_317	145.1548	465	0.5011	100.0000	465	228	238	0.5032	159	44.21
scaffold_318	109.7935	465	0.4989	100.0000	465	176	173	0.5076	121	43.29
scaffold_319	201.3931	463	0.5270	100.0000	463	306	325	0.5238	237	70.09
scaffold_320	127.3680	462	0.5346	100.0000	462	206	196	0.5212	145	39.99
scaffold_321	189.1757	461	0.5076	100.0000	461	310	302	0.5092	208	47.83
scaffold_322	157.8261	460	0.4783	100.0000	460	253	251	0.4855	172	41.91
scaffold_323	128.1721	459	0.4989	100.0000	459	194	203	0.4969	149	45.61
scaffold_324	139.4571	455	0.4813	100.0000	455	211	222	0.4845	152	47.87
scaffold_325	48.8110	455	0.4593	100.0000	455	74	75	0.4636	59	21.11
scaffold_326	302.4867	452	0.5265	100.0000	452	473	454	0.5323	350	94.91
scaffold_327	68.7544	452	0.4823	100.0000	452	112	98	0.4834	83	24.90
scaffold_328	246.4412	451	0.5211	100.0000	451	383	372	0.5142	278	100.44
scaffold_329	138.1269	449	0.4989	100.0000	449	216	204	0.4961	161	48.04
scaffold_330	141.7830	447	0.5078	100.0000	447	217	215	0.5003	167	48.34
scaffold_331	121.5959	443	0.5305	100.0000	443	187	178	0.5351	142	40.32
scaffold_332	69.1335	442	0.4955	100.0000	442	105	101	0.4918	81	23.67
scaffold_333	127.8588	439	0.4806	100.0000	439	190	197	0.4879	142	34.83
scaffold_334	204.7872	437	0.4760	100.0000	437	319	290	0.4861	231	73.08
scaffold_335	183.4966	435	0.4966	100.0000	435	274	284	0.4945	209	71.28
scaffold_336	127.8963	434	0.5069	100.0000	434	191	191	0.5144	141	42.37
scaffold_337	153.7889	431	0.5290	100.0000	431	223	227	0.5337	176	55.47
scaffold_338	139.3805	431	0.4872	100.0000	431	214	199	0.4925	155	37.87
scaffold_339	107.3550	431	0.4594	100.0000	431	157	157	0.4564	125	37.07
scaffold_340	168.1814	430	0.5186	100.0000	430	232	261	0.5192	194	61.09
scaffold_341	127.4326	430	0.5140	100.0000	430	181	188	0.5298	141	53.23
scaffold_342	52.6224	429	0.5268	100.0000	429	81	69	0.5596	52	25.32
scaffold_343	58.2864	426	0.5141	100.0000	426	90	76	0.5228	63	26.59
scaffold_344	193.6910	424	0.4505	100.0000	424	301	270	0.4494	209	55.72
scaffold_345	142.2972	424	0.4882	100.0000	424	218	205	0.5023	154	37.30
scaffold_346	46.8436	422	0.4892	100.0000	422	68	64	0.4888	5	50.94
scaffold_347	135.5463	421	0.5368	100.0000	421	189	196	0.5447	158	59.71
scaffold_348	98.3682	421	0.4941	100.0000	421	145	134	0.4899	111	41.99
scaffold_349	131.4558	419	0.4749	100.0000	419	187	191	0.4785	153	40.70
scaffold_350	48.0811	419	0.4511	100.0000	419	68	67	0.4476	52	20.74
scaffold_351	124.0167	418	0.4856	100.0000	418	172	182	0.4877	143	37.45
scaffold_352	145.3952	415	0.5349	100.0000	415	214	209	0.5383	162	36.48
scaffold_353	10.9952	415	0.1157	100.0000	415	15	16	0.1568	13	5.09
scaffold_354	135.6836	414	0.4831	100.0000	414	199	183	0.4828	157	50.95
scaffold_355	136.1308	413	0.5036	100.0000	413	198	185	0.5012	159	45.83
scaffold_356	108.1408	412	0.4150	100.0000	412	157	144	0.4037	124	43.46
scaffold_357	52.7859	411	0.4818	100.0000	411	73	73	0.4912	61	24.31
scaffold_358	101.1671	407	0.4889	100.0000	407	127	157	0.4842	109	28.64
scaffold_359	195.7488	406	0.4631	100.0000	406	286	274	0.4696	220	48.66
scaffold_360	61.8099	405	0.4840	100.0000	405	86	81	0.5013	67	29.53
scaffold_361	63.4516	403	0.4963	100.0000	403	85	87	0.4741	74	28.54
scaffold_362	143.4851	402	0.5572	100.0000	402	201	197	0.5596	166	40.74
scaffold_363	115.9055	402	0.5100	100.0000	402	156	159	0.5102	130	49.70
scaffold_364	64.8917	397	0.5466	100.0000	397	83	91	0.5451	74	27.13
scaffold_365	62.8712	396	0.5404	100.0000	396	84	84	0.5247	71	29.00
scaffold_366	106.2741	394	0.4898	100.0000	394	144	143	0.5002	122	31.36
scaffold_367	49.3706	394	0.4594	100.0000	394	67	64	0.4535	55	21.78
scaffold_368	197.5026	392	0.5332	100.0000	392	281	258	0.5357	219	52.27
scaffold_369	194.9152	389	0.4267	100.0000	389	290	270	0.4262	199	29.70
scaffold_370	28.7147	389	0.4165	100.0000	389	32	44	0.4975	29	13.99
scaffold_371	192.3411	387	0.4419	100.0000	387	280	264	0.4494	198	46.66
scaffold_372	176.9349	384	0.4870	100.0000	384	230	233	0.4796	198	63.12
scaffold_373	129.7031	384	0.4870	100.0000	384	174	171	0.4840	135	44.50
scaffold_374	144.4714	384	0.4557	100.0000	384	202	200	0.4720	157	29.62
scaffold_375	165.4450	382	0.5209	100.0000	382	221	233	0.5236	178	35.58
scaffold_376	122.0497	382	0.5183	100.0000	382	168	155	0.5167	138	35.04
scaffold_377	8.4579	380	0.1132	100.0000	380	11	11	0.1406	10	4.04
scaffold_378	112.9525	379	0.4459	100.0000	379	153	149	0.4432	122	27.28
scaffold_379	49.2296	379	0.5224	100.0000	379	69	55	0.5380	47	23.74
scaffold_380	67.4577	378	0.5476	100.0000	378	90	86	0.5566	73	22.91
scaffold_381	139.2546	377	0.5119	100.0000	377	177	182	0.5113	152	50.16
scaffold_382	115.3528	377	0.4960	100.0000	377	161	137	0.4818	130	37.31
scaffold_383	20.6347	375	0.1467	100.0000	375	25	27	0.1810	23	11.00
scaffold_384	164.8850	374	0.5187	100.0000	374	207	215	0.5183	185	61.47
scaffold_385	134.2166	374	0.5134	100.0000	374	179	164	0.5165	150	42.40
scaffold_386	45.7139	374	0.3984	96.2567	360	56	59	0.4016	47	27.34
scaffold_387	122.6612	369	0.5014	100.0000	369	154	155	0.4933	144	40.66
scaffold_388	49.5137	366	0.4754	100.0000	366	60	62	0.4771	49	26.03
scaffold_389	127.8599	364	0.5110	100.0000	364	153	167	0.5157	144	39.40
scaffold_390	49.4121	364	0.4725	100.0000	364	64	57	0.4755	53	24.85
scaffold_391	150.4821	363	0.4959	100.0000	363	208	182	0.4948	164	41.20
scaffold_392	65.8564	362	0.5000	100.0000	362	79	83	0.4958	71	23.91
scaffold_393	192.4017	361	0.5180	100.0000	361	229	250	0.5120	219	60.66
scaffold_394	120.0139	361	0.5152	100.0000	361	150	149	0.5084	129	41.27
scaffold_395	67.2825	361	0.4820	100.0000	361	86	80	0.4713	75	20.74
scaffold_396	115.7250	360	0.5056	100.0000	360	150	137	0.4981	130	34.18
scaffold_397	51.1222	360	0.4833	100.0000	360	65	61	0.4756	57	15.13
scaffold_398	143.8547	358	0.4749	100.0000	358	181	182	0.4841	161	43.62
scaffold_399	9.2969	357	0.5154	100.0000	357	11	13	0.5254	9	2.52
scaffold_400	137.7809	356	0.4494	100.0000	356	177	176	0.4565	153	43.76
scaffold_401	98.9916	356	0.4354	100.0000	356	128	116	0.4245	111	33.16
scaffold_402	150.6338	355	0.4930	100.0000	355	202	161	0.4844	163	59.62
scaffold_403	64.3746	355	0.5296	100.0000	355	89	63	0.5350	69	24.77
scaffold_404	65.3125	352	0.5256	100.0000	352	84	70	0.5307	66	29.48
scaffold_405	181.9972	351	0.5157	100.0000	351	215	224	0.5213	202	56.15
scaffold_406	51.0343	350	0.4629	100.0000	350	63	58	0.4773	55	15.27
scaffold_407	51.5759	349	0.4957	100.0000	349	61	59	0.5150	54	21.88
scaffold_408	9.4126	349	0.1375	100.0000	349	13	11	0.1959	11	3.90
scaffold_409	13.4943	348	0.1667	100.0000	348	18	15	0.1786	14	6.04
scaffold_410	123.2651	347	0.4957	100.0000	347	146	145	0.4887	132	47.10
scaffold_411	58.4496	347	0.4899	100.0000	347	65	73	0.4905	63	24.95
scaffold_412	118.6841	345	0.5391	100.0000	345	133	146	0.5508	130	49.09
scaffold_413	120.4140	343	0.5190	100.0000	343	144	144	0.5041	126	38.16
scaffold_414	101.6374	342	0.5234	100.0000	342	115	119	0.5233	108	41.48
scaffold_415	55.6608	342	0.5263	100.0000	342	58	71	0.5465	58	24.70
scaffold_416	45.7251	342	0.4649	100.0000	342	52	56	0.4748	49	18.55
scaffold_417	127.0440	341	0.5279	100.0000	341	151	152	0.5291	142	34.46
scaffold_418	114.8065	341	0.4457	100.0000	341	125	143	0.4462	122	44.24
scaffold_419	115.3186	339	0.4720	100.0000	339	152	140	0.4780	122	26.28
scaffold_420	13.0973	339	0.1740	100.0000	339	15	15	0.1711	12	6.31
scaffold_421	72.2404	337	0.4866	100.0000	337	83	84	0.4824	79	23.26
scaffold_422	95.3947	337	0.5074	100.0000	337	112	107	0.5229	99	42.42
scaffold_423	90.0119	337	0.4955	100.0000	337	113	97	0.4970	99	30.88
scaffold_424	130.1548	336	0.5327	100.0000	336	142	159	0.5247	138	48.30
scaffold_425	58.4137	336	0.5030	100.0000	336	68	69	0.4991	61	13.25
scaffold_426	57.0476	336	0.5119	100.0000	336	67	67	0.5104	61	18.31
scaffold_427	112.1111	333	0.4865	100.0000	333	116	136	0.4953	116	44.70
scaffold_428	119.8078	333	0.5165	100.0000	333	139	135	0.5261	131	44.67
scaffold_429	129.6777	332	0.4819	100.0000	332	151	145	0.4745	137	45.74
scaffold_430	54.9788	330	0.5091	100.0000	330	65	58	0.5222	58	23.08
scaffold_431	46.3485	330	0.5788	100.0000	330	52	50	0.5812	48	25.28
scaffold_432	52.7879	330	0.4758	100.0000	330	61	59	0.4891	58	17.95
scaffold_433	58.4954	329	0.5532	100.0000	329	62	70	0.5638	59	24.48
scaffold_434	106.7012	328	0.4726	100.0000	328	119	126	0.4695	117	32.14
scaffold_435	134.8502	327	0.5046	100.0000	327	159	153	0.5037	151	48.48
scaffold_436	46.2923	325	0.4892	100.0000	325	46	56	0.4859	49	23.27
scaffold_437	126.1543	324	0.5432	100.0000	324	141	139	0.5470	127	53.10
scaffold_438	64.9228	324	0.5370	100.0000	324	71	73	0.5568	68	27.09
scaffold_439	60.1118	322	0.5217	100.0000	322	62	69	0.5322	65	26.24
scaffold_440	111.4112	321	0.4237	100.0000	321	133	136	0.4455	117	40.70
scaffold_441	128.0376	319	0.5392	100.0000	319	141	140	0.5367	139	41.03
scaffold_442	6.4227	317	0.1199	100.0000	317	7	7	0.1712	6	3.48
scaffold_443	144.2089	316	0.5411	100.0000	316	136	177	0.5585	151	54.09
scaffold_444	107.6361	316	0.5063	100.0000	316	130	115	0.5077	121	30.95
scaffold_445	118.8703	316	0.5190	100.0000	316	122	136	0.5238	126	46.63
scaffold_446	153.5143	315	0.5079	100.0000	315	162	175	0.5229	164	50.67
scaffold_447	172.8626	313	0.5272	100.0000	313	186	184	0.5321	181	70.16
scaffold_448	56.2492	313	0.5208	100.0000	313	63	56	0.5280	58	27.18
scaffold_449	65.2019	312	0.4840	100.0000	312	72	67	0.4732	68	28.83
scaffold_450	56.0160	312	0.5224	100.0000	312	64	53	0.5346	57	34.04
scaffold_451	38.9263	312	0.5064	100.0000	312	40	41	0.4897	38	22.67
scaffold_452	53.7226	310	0.5000	100.0000	310	50	64	0.4749	54	25.46
scaffold_453	114.3883	309	0.5178	100.0000	309	134	115	0.5269	122	41.25
scaffold_454	54.2233	309	0.4951	100.0000	309	61	54	0.4890	56	21.12
scaffold_455	17.6515	307	0.1466	100.0000	307	18	19	0.1801	19	6.24
scaffold_456	1525.4739	306	0.4542	100.0000	306	1469	1710	0.4742	1562	639.78
scaffold_457	14.1634	306	0.1340	100.0000	306	16	14	0.1848	14	6.76
scaffold_458	48.8000	305	0.4951	100.0000	305	56	43	0.4888	48	26.02
scaffold_459	46.2574	303	0.4983	100.0000	303	57	39	0.5078	47	24.77
scaffold_460	58.2285	302	0.5364	100.0000	302	60	58	0.5374	60	28.21
scaffold_461	27.5331	302	0.3775	100.0000	302	28	29	0.3848	28	13.06
scaffold_462	132.5781	301	0.4884	100.0000	301	149	129	0.4917	139	48.23
scaffold_463	47.6330	297	0.4815	100.0000	297	50	45	0.4982	48	25.63
scaffold_464	43.8750	296	0.5574	100.0000	296	46	42	0.5655	45	19.73
scaffold_465	35.3682	296	0.4865	100.0000	296	33	38	0.4885	36	20.56
scaffold_466	88.0412	291	0.4983	100.0000	291	97	79	0.5043	91	35.77
scaffold_467	52.8282	291	0.4845	100.0000	291	61	43	0.4811	55	25.41
scaffold_468	38.2371	291	0.4708	100.0000	291	43	35	0.5089	40	16.55
scaffold_469	49.8832	291	0.4914	100.0000	291	49	50	0.4964	52	25.18
scaffold_470	116.4360	289	0.4706	100.0000	289	113	122	0.4662	120	40.76
scaffold_471	176.6528	288	0.5382	100.0000	288	168	184	0.5344	180	69.79
scaffold_472	111.4530	287	0.5540	100.0000	287	116	102	0.5676	115	46.66
scaffold_473	41.0035	287	0.4495	100.0000	287	42	39	0.4600	42	17.58
scaffold_474	36.8815	287	0.4948	100.0000	287	33	39	0.5025	37	15.78
scaffold_475	128.1224	286	0.5490	100.0000	286	128	122	0.5495	133	54.23
scaffold_476	51.2273	286	0.5874	100.0000	286	58	41	0.5969	52	29.71
scaffold_477	62.4386	285	0.5123	100.0000	285	61	63	0.5254	63	22.61
scaffold_478	46.7088	285	0.5018	100.0000	285	45	47	0.5071	48	19.77
scaffold_479	48.9333	285	0.5088	100.0000	285	48	50	0.5162	51	16.76
scaffold_480	35.5845	284	0.5141	100.0000	284	35	33	0.5285	35	18.76
scaffold_481	109.4629	283	0.5265	100.0000	283	108	107	0.5263	114	41.41
scaffold_482	48.7350	283	0.4841	100.0000	283	46	48	0.4917	50	23.31
scaffold_483	92.0142	282	0.4858	100.0000	282	96	85	0.4828	93	32.23
scaffold_484	49.1139	281	0.4840	100.0000	281	51	42	0.4846	48	26.64
scaffold_485	30.0071	281	0.4804	100.0000	281	30	28	0.4966	31	15.04
scaffold_486	46.3929	280	0.4786	100.0000	280	44	46	0.4647	48	17.26
scaffold_487	10.0786	280	0.1071	100.0000	280	10	10	0.1692	10	3.91
scaffold_488	35.2724	279	0.5197	100.0000	279	33	33	0.5491	36	17.29
scaffold_489	43.2796	279	0.5412	100.0000	279	43	39	0.5510	42	20.71
scaffold_490	115.4388	278	0.5360	100.0000	278	96	126	0.5420	117	48.70
scaffold_491	110.5252	278	0.5432	100.0000	278	112	97	0.5339	110	47.56
scaffold_492	110.4152	277	0.5162	100.0000	277	112	108	0.5184	121	31.01
scaffold_493	52.8123	277	0.4729	100.0000	277	50	51	0.4792	53	22.49
scaffold_494	44.1227	277	0.5018	100.0000	277	41	42	0.5022	47	20.21
scaffold_495	31.5455	275	0.4364	100.0000	275	27	32	0.4464	32	16.18
scaffold_496	130.1642	274	0.5328	100.0000	274	124	137	0.5451	142	45.90
scaffold_497	114.1642	274	0.5511	100.0000	274	103	114	0.5378	116	40.41
scaffold_498	108.7766	273	0.4579	100.0000	273	100	109	0.4478	113	40.85
scaffold_499	102.7656	273	0.4652	100.0000	273	93	99	0.4824	107	39.49
scaffold_500	53.3333	273	0.4908	100.0000	273	49	51	0.4916	58	25.48
scaffold_501	55.5478	272	0.5294	100.0000	272	54	47	0.5297	58	28.25
scaffold_502	46.5799	269	0.4796	100.0000	269	41	45	0.4738	49	23.30
scaffold_503	42.2305	269	0.4907	100.0000	269	43	35	0.4897	45	20.64
scaffold_504	32.1896	269	0.5428	100.0000	269	31	27	0.5443	33	15.05
scaffold_505	34.4164	269	0.4349	100.0000	269	34	29	0.4445	36	16.90
scaffold_506	98.6045	268	0.5224	100.0000	268	101	82	0.5206	98	35.67
scaffold_507	22.3172	268	0.4254	100.0000	268	22	18	0.4517	23	13.06
scaffold_508	27.9142	268	0.3582	100.0000	268	28	25	0.3739	29	11.62
scaffold_509	42.6541	266	0.4925	100.0000	266	36	45	0.4998	47	16.52
scaffold_510	37.0792	265	0.5358	100.0000	265	34	33	0.5329	39	16.40
scaffold_511	34.8528	265	0.5245	100.0000	265	32	32	0.5016	36	14.54
scaffold_512	106.3295	264	0.5038	100.0000	264	96	98	0.5125	109	43.79
scaffold_513	115.1298	262	0.4924	100.0000	262	105	112	0.4974	111	42.28
scaffold_514	75.8736	261	0.5364	100.0000	261	66	75	0.5460	78	24.71
scaffold_515	46.9615	260	0.5462	100.0000	260	41	42	0.5501	48	23.95
scaffold_516	50.0734	259	0.4402	100.0000	259	40	49	0.4491	53	22.65
scaffold_517	98.7481	258	0.4612	100.0000	258	92	86	0.4394	98	36.06
scaffold_518	208.8132	257	0.4864	100.0000	257	190	185	0.4912	209	76.96
scaffold_519	55.2879	257	0.4981	100.0000	257	47	50	0.4945	58	24.10
scaffold_520	122.8171	257	0.5175	100.0000	257	113	110	0.5036	129	42.75
scaffold_521	43.8288	257	0.5681	100.0000	257	39	36	0.5507	44	21.61
scaffold_522	96.2109	256	0.5039	100.0000	256	81	88	0.4873	91	41.92
scaffold_523	114.9141	256	0.4688	100.0000	256	102	104	0.4814	119	45.36
scaffold_524	44.8392	255	0.5059	100.0000	255	35	43	0.4944	47	22.08
scaffold_525	20.9451	255	0.4667	100.0000	255	20	17	0.4868	24	11.59
scaffold_526	43.0512	254	0.5472	100.0000	254	37	38	0.5373	44	18.42
scaffold_527	43.0669	254	0.5236	100.0000	254	39	35	0.5098	46	22.83
scaffold_528	64.5692	253	0.5494	100.0000	253	56	59	0.5604	62	19.61
scaffold_529	22.5138	253	0.4980	100.0000	253	20	18	0.4995	26	11.97
scaffold_530	41.4462	251	0.5139	100.0000	251	35	37	0.4868	42	19.44
scaffold_531	32.8765	251	0.4661	100.0000	251	27	29	0.4685	36	17.64
scaffold_532	155.6400	250	0.5120	100.0000	250	146	146	0.5177	164	72.44
scaffold_533	33.9240	250	0.5400	100.0000	250	33	24	0.5197	36	18.16
scaffold_534	87.6154	247	0.4494	100.0000	247	85	67	0.4495	87	31.64
scaffold_535	41.9433	247	0.5425	100.0000	247	34	38	0.5399	40	16.17
scaffold_536	50.6113	247	0.5385	100.0000	247	47	42	0.5428	50	18.30
scaffold_537	36.9676	247	0.5263	100.0000	247	34	29	0.5403	38	16.06
scaffold_538	35.7154	246	0.4878	100.0000	246	33	28	0.4903	36	16.21
scaffold_539	106.6531	245	0.4735	100.0000	245	84	100	0.4900	106	36.35
scaffold_540	82.7910	244	0.4385	100.0000	244	67	76	0.4457	83	31.82
scaffold_541	39.0041	243	0.4156	100.0000	243	30	35	0.4312	41	17.09
scaffold_542	33.1934	243	0.3992	100.0000	243	26	29	0.4107	38	16.43
scaffold_543	40.3942	241	0.5394	100.0000	241	33	34	0.5351	46	18.41
scaffold_544	27.4647	241	0.5021	100.0000	241	26	19	0.5149	27	12.22
scaffold_545	15.7500	240	0.5333	100.0000	240	14	13	0.5359	16	5.89
scaffold_546	43.4417	240	0.5125	100.0000	240	39	33	0.5171	43	18.19
scaffold_547	35.3500	240	0.5583	100.0000	240	29	29	0.5678	35	16.44
scaffold_548	33.0297	236	0.5000	100.0000	236	26	27	0.5023	33	14.62
scaffold_549	46.0975	236	0.5127	100.0000	236	40	37	0.4951	48	19.88
scaffold_550	5.8093	236	0.1186	100.0000	236	5	5	0.1881	6	2.08
scaffold_551	44.7735	234	0.5342	100.0000	234	33	38	0.5123	47	19.99
scaffold_552	47.7735	234	0.5128	100.0000	234	44	36	0.5155	51	21.37
scaffold_553	34.0855	234	0.5385	100.0000	234	26	29	0.5524	38	16.02
scaffold_554	33.0769	234	0.5128	100.0000	234	32	20	0.5265	35	15.46
scaffold_555	139.4163	233	0.4163	100.0000	233	123	130	0.4243	144	38.11
scaffold_556	41.0944	233	0.5708	100.0000	233	33	34	0.5991	42	16.70
scaffold_557	29.9571	233	0.4850	100.0000	233	24	23	0.4982	31	14.96
scaffold_558	25.7253	233	0.4807	100.0000	233	14	27	0.4881	27	12.83
scaffold_559	106.8405	232	0.4353	100.0000	232	95	81	0.4464	105	36.57
scaffold_560	48.0517	232	0.5862	100.0000	232	41	35	0.5654	52	22.67
scaffold_561	49.1810	232	0.4267	100.0000	232	34	47	0.4323	47	17.04
scaffold_562	34.7576	231	0.5758	100.0000	231	25	29	0.5606	43	18.08
scaffold_563	22.0476	231	0.5541	100.0000	231	21	14	0.5393	23	10.02
scaffold_564	85.4061	229	0.5284	100.0000	229	80	60	0.5319	85	28.70
scaffold_565	39.6812	229	0.5852	100.0000	229	36	27	0.5613	39	16.40
scaffold_566	15.7205	229	0.5502	98.6900	226	14	11	0.5619	19	8.20
scaffold_567	31.9301	229	0.4498	100.0000	229	24	26	0.4607	34	14.01
scaffold_568	52.1223	229	0.5284	100.0000	229	48	37	0.5297	52	19.80
scaffold_569	29.2751	229	0.5546	100.0000	229	24	22	0.5502	31	12.81
scaffold_570	14.2707	229	0.4498	96.0699	220	10	12	0.4669	16	7.18
scaffold_571	2.3436	227	0.5330	100.0000	227	2	2	0.5232	3	1.15
scaffold_572	33.6123	227	0.5154	100.0000	227	23	30	0.5282	33	13.62
scaffold_573	33.2247	227	0.5507	100.0000	227	24	28	0.5478	37	14.48
scaffold_574	41.9159	226	0.5752	100.0000	226	35	31	0.5744	44	18.52
scaffold_575	44.2444	225	0.5111	100.0000	225	30	38	0.5181	44	18.59
scaffold_576	45.7911	225	0.5200	100.0000	225	32	41	0.5043	48	17.00
scaffold_577	52.8571	224	0.5268	100.0000	224	43	37	0.5267	61	24.67
scaffold_578	43.1116	224	0.4866	100.0000	224	40	27	0.4854	45	17.50
scaffold_579	34.4843	223	0.4619	100.0000	223	28	25	0.4631	36	14.11
scaffold_580	12.6396	222	0.5000	100.0000	222	10	10	0.4960	12	5.23
scaffold_581	21.0721	222	0.4775	100.0000	222	16	16	0.5062	22	7.89
scaffold_582	78.7195	221	0.5701	100.0000	221	66	56	0.5709	83	32.15
scaffold_583	21.9140	221	0.4344	100.0000	221	18	10	0.4412	28	7.29
scaffold_584	39.5656	221	0.5294	100.0000	221	31	29	0.5274	45	17.37
scaffold_585	30.6516	221	0.4570	100.0000	221	24	22	0.4348	34	13.54
scaffold_586	22.5113	221	0.5158	100.0000	221	18	16	0.5121	23	9.19
scaffold_587	32.8037	219	0.4932	100.0000	219	20	30	0.4914	33	12.50
scaffold_588	40.0137	219	0.4658	100.0000	219	32	29	0.4597	44	17.15
scaffold_589	21.2146	219	0.5068	100.0000	219	15	16	0.4990	24	9.54
scaffold_590	10.8950	219	0.4749	99.0868	217	7	9	0.4797	12	4.93
scaffold_591	28.3119	218	0.4771	100.0000	218	26	16	0.4883	32	12.44
scaffold_592	43.1009	218	0.4128	100.0000	218	35	32	0.4230	45	16.31
scaffold_593	41.5000	218	0.4541	100.0000	218	34	29	0.4650	44	16.48
scaffold_594	39.2202	218	0.5138	100.0000	218	26	32	0.4799	39	16.87
scaffold_595	27.6789	218	0.4771	100.0000	218	20	21	0.4751	30	11.30
scaffold_596	55.8940	217	0.5438	100.0000	217	46	40	0.5253	59	20.09
scaffold_597	2.1898	216	0.5648	100.0000	216	1	2	0.5430	2	0.61
scaffold_598	24.4444	216	0.5093	98.6111	213	24	13	0.5277	27	10.90
scaffold_599	43.2047	215	0.5488	100.0000	215	29	34	0.5622	50	17.64
scaffold_600	7.5070	215	0.5256	100.0000	215	8	3	0.5069	9	3.38
scaffold_601	31.9488	215	0.5070	100.0000	215	28	19	0.5077	34	12.98
scaffold_602	19.8233	215	0.4419	100.0000	215	14	15	0.4423	22	8.25
scaffold_603	30.7009	214	0.5748	100.0000	214	21	26	0.5670	33	12.09
scaffold_604	45.9860	214	0.5421	100.0000	214	39	31	0.5216	47	16.73
scaffold_605	33.4366	213	0.5164	100.0000	213	29	20	0.5126	40	15.20
scaffold_606	24.8638	213	0.5352	100.0000	213	17	19	0.5245	29	11.43
scaffold_607	34.1174	213	0.4319	100.0000	213	24	27	0.4631	36	13.25
scaffold_608	20.1690	213	0.5446	100.0000	213	18	11	0.5551	23	8.69
scaffold_609	35.2028	212	0.5000	100.0000	212	28	22	0.5015	40	14.56
scaffold_610	42.7123	212	0.4906	100.0000	212	38	23	0.4963	50	18.95
scaffold_611	39.6256	211	0.5213	100.0000	211	31	29	0.5058	41	16.81
scaffold_612	24.8578	211	0.5308	100.0000	211	20	16	0.5368	28	10.13
scaffold_613	24.1185	211	0.5213	100.0000	211	17	19	0.5254	25	8.91
scaffold_614	83.4190	210	0.5000	100.0000	210	57	65	0.4969	82	31.49
scaffold_615	94.1190	210	0.5476	100.0000	210	61	78	0.5438	102	35.00
scaffold_616	158.5905	210	0.5381	100.0000	210	119	111	0.5370	170	62.43
scaffold_617	52.4238	210	0.5476	100.0000	210	38	40	0.5416	58	18.83
scaffold_618	24.6905	210	0.5476	100.0000	210	15	21	0.5409	24	9.72
scaffold_619	23.4333	210	0.4714	100.0000	210	12	22	0.4850	26	9.60
scaffold_620	26.0048	210	0.5095	100.0000	210	18	19	0.4910	31	11.61
scaffold_621	29.4190	210	0.5095	100.0000	210	18	26	0.5316	29	12.03
scaffold_622	22.8660	209	0.5407	100.0000	209	14	18	0.5454	26	9.41
scaffold_623	30.6923	208	0.4375	100.0000	208	33	12	0.4802	35	13.39
scaffold_624	13.4952	208	0.4663	100.0000	208	10	9	0.4705	16	6.03
scaffold_625	47.8454	207	0.4783	100.0000	207	46	24	0.4956	51	19.52
scaffold_626	26.5266	207	0.4734	100.0000	207	24	14	0.4857	29	9.32
scaffold_627	30.0193	207	0.4396	100.0000	207	32	14	0.4731	36	14.90
scaffold_628	16.8010	206	0.4320	100.0000	206	12	12	0.4376	18	6.50
scaffold_629	18.9660	206	0.4029	100.0000	206	13	14	0.4047	21	7.52
scaffold_630	84.2927	205	0.5122	100.0000	205	58	61	0.5114	91	31.96
scaffold_631	45.2488	205	0.5415	100.0000	205	38	36	0.5322	48	16.03
scaffold_632	23.9707	205	0.5317	100.0000	205	20	15	0.5510	29	10.56
scaffold_633	58.6618	204	0.4902	100.0000	204	35	50	0.4782	62	19.78
scaffold_634	38.3431	204	0.5098	100.0000	204	23	31	0.5056	42	15.45
scaffold_635	21.0985	203	0.6453	100.0000	203	15	14	0.6476	26	9.01
scaffold_636	45.1084	203	0.5369	100.0000	203	30	38	0.5302	49	18.35
scaffold_637	23.5743	202	0.4752	100.0000	202	17	16	0.4728	29	8.62
scaffold_638	17.9406	202	0.4158	100.0000	202	12	13	0.4342	20	6.59
scaffold_639	46.6567	201	0.4876	100.0000	201	26	39	0.4793	56	18.34
scaffold_640	21.4726	201	0.4726	100.0000	201	20	9	0.4522	27	8.87
scaffold_641	17.5550	200	0.5200	100.0000	200	10	15	0.5510	21	6.67
scaffold_642	7.7350	200	0.5400	100.0000	200	8	3	0.5479	9	3.17
scaffold_643	2.7600	200	0.4700	96.5000	193	1	3	0.4487	3	1.14
scaffold_644	24.4850	200	0.5050	100.0000	200	16	17	0.5174	31	9.52
scaffold_645	28.9400	200	0.4450	100.0000	200	18	24	0.4415	30	10.94
scaffold_646	24.2700	200	0.4250	100.0000	200	17	19	0.4468	28	10.03
